7.449195073620630936e+00 7.020214271695733643e+00 2.616131697793149513e+01 -8.529639613626804007e+00 2.799221723137794715e+00 1.021660623718847916e+01 7.818736960254117463e+00 1.441455172805457785e+01 6.465341116982427749e+00 5.757875020416391543e+00 -7.664017193444813136e-01 2.641516004721550903e+00
2.027347488127191344e+00 1.057907128891664428e+01 2.256713872654818687e+01 -6.279502342540304483e+00 5.777489316805979769e+00 6.574704403745665893e+00 6.472815167173889606e+00 1.264351564762698921e+01 6.430687092092665758e+00 4.020185890395632455e+00 4.964349265783582155e+00 2.084162054899333150e+00
7.126930927179141229e+00 6.683318841310007308e+00 2.810217759474562271e+01 -6.028571235377966353e+00 2.025509616673173419e+00 1.011278489594929297e+01 4.665496494775735137e+00 1.158568252890760064e+01 2.542586860937150472e+00 5.135854451819836797e+00 7.105193460650032211e-01 1.924690178443852817e+00
4.841766943080948238e+00 1.282890129724133033e+01 3.072060852701482858e+01 -8.390843072458348928e+00 8.195707530305664790e+00 7.072934208515243348e+00 7.772929010402551242e+00 1.678195840095290947e+01 4.247994535299914887e+00 5.212866006560125776e+00 2.358018921326831274e-01 3.064574808811119322e+00
9.336456528114778664e+00 8.265114542887637583e+00 2.269917787270699705e+01 -6.353113530738787595e+00 9.390916667119834083e-01 1.008864934313629291e+01 1.034687364473711746e+01 1.001875931366437555e+01 4.564353400150172213e+00 4.139183315779633610e+00 1.552642836698459927e+00 1.770665181439827762e+00
4.725422951920432268e+00 1.194138750748130562e+01 2.735704598518134745e+01 -4.080042126162012117e+00 7.902532801256969996e+00 6.768282211727791875e+00 7.214780781681969124e+00 1.334005434063486994e+01 1.074584982760596397e+01 4.901775129330534497e+00 1.413831894839377767e+00 1.823681458077756057e+00
5.616994915673092947e+00 6.921857362913352851e+00 2.155046071330796309e+01 -4.912837695903585988e+00 2.164320037486166637e+00 8.844341894971236684e+00 4.249445262378419130e+00 9.478120782186302051e+00 5.350684029893939098e+00 2.738785832802216991e+00 1.289851876680477627e+00 2.201091962485049347e+00
7.638399341648534069e+00 7.928305723952566275e+00 2.923363470460867575e+01 -7.104267394478229747e+00 3.920895215739418127e+00 1.467532042825981087e+01 7.114131871147619357e+00 1.544016803557908446e+01 4.672392821467513890e+00 6.803996525960093855e+00 1.963300006198547276e+00 2.632704261960420400e+00
8.613776676850564584e+00 9.141408976911332473e+00 2.190213975622911491e+01 -6.753462298861560242e+00 3.096864294025986286e+00 1.425149746828428476e+01 7.487985757346133475e+00 1.159689409333376098e+01 5.247309781218781666e+00 4.465902065089824013e+00 1.758719486863068449e+00 4.408459137122873628e+00
3.642144734771992631e+00 6.536702376053787233e+00 2.511787778623167000e+01 -6.188269397573937347e+00 8.934688897752648629e+00 3.771520351757959855e+00 3.417791451092271782e+00 1.057460597951272874e+01 2.340166226560795426e+00 3.103138849797832499e+00 3.635406641771803837e+00 2.632929883465623622e+00
7.854051228657426442e+00 8.185539116849554375e+00 2.358564880184732004e+01 -4.855634041003813905e+00 4.854803867870213452e+00 1.389374076107865896e+01 6.608221874888548619e+00 1.128440634316534563e+01 4.172654097432296538e+00 2.389430981282492539e+00 3.455028940409504035e+00 4.888102820846128793e+00
5.328355160658325040e+00 3.024329495179679750e+00 2.709287657959898965e+01 -5.237643833216247380e+00 4.044053434746067488e+00 5.848398567365805434e+00 3.090064123121277539e+00 8.420329916541703597e+00 3.213566940108552483e+00 4.479157979911095211e+00 4.357340475695881676e-01 1.583715505594470496e+00
6.557881237585745815e+00 5.984121322305776758e+00 2.193419918059175089e+01 -8.691557673492830816e+00 8.280542429057177856e+00 7.704244518570424916e+00 5.974281939472591674e+00 7.690952682098883386e+00 5.925970214116977886e+00 3.870415623870143484e+00 -1.666022225932356715e+00 1.599183942893890986e+00
2.712025878422031244e+00 6.249330418255745201e+00 1.911499786474504248e+01 -1.182964675598736370e+01 4.527051659414846441e+00 5.054010519057243300e+00 7.834010596601363119e+00 7.961803024556627584e+00 3.557652909138728337e+00 3.841255621230216466e+00 1.386281295235040512e+00 1.146438234437475279e+00
2.819332979366649283e+00 7.254459309697702807e+00 2.156995152041392672e+01 -5.259996503130762946e+00 5.254892732287532731e+00 6.266206278752468606e+00 7.768537778253152837e+00 5.232222412885302987e+00 8.252462513695652646e+00 3.143536736394019648e+00 -1.566609850020279415e+00 5.565112648998278566e-02
6.066165122198488469e+00 5.490335561794923436e+00 2.288282108951212024e+01 -5.647791348729873206e+00 8.742540558461969979e+00 2.893812931072729633e+00 4.127776366226911797e+00 7.242203717523128859e+00 3.571589044439024807e+00 2.640895784831362558e+00 -8.861553725793527292e-01 1.595924679612253705e+00
7.667856983429890416e-01 5.972270790142299113e+00 2.837935087661460898e+01 -6.522995253491334466e+00 1.378602654269214467e+00 2.272789425293038512e+00 3.455224956960675886e+00 7.029440506675128653e+00 4.136642716210588766e+00 1.845986118708037749e+00 2.237324114764211114e+00 -2.478628148382370000e+00
5.196166768647898504e-01 4.592464257255756799e+00 2.770211970196696072e+01 -6.040720346265469054e+00 -1.852007951079521764e-01 1.854651560048472536e+00 4.210379969647831899e+00 7.643751897046247912e+00 8.343720737499524809e-01 2.084774394563737143e+00 1.125674492605475363e+00 -1.317810201900149192e+00
5.468785221853327272e-01 4.457366235078080940e+00 2.314339749593772311e+01 -6.559521092925242769e+00 2.774912089842498819e+00 4.321062580246196383e+00 2.752974936876562140e+00 5.452567141566784237e+00 3.508145524848811370e+00 2.614728430470535159e+00 1.927089499044238208e+00 -1.524437221447440871e+00
2.086563747695281190e+00 4.944697647488962566e+00 2.870477294974739380e+01 -3.151333657487411788e+00 -1.786500236190887492e+00 1.329283451698729079e+00 9.774632924538831702e+00 7.146673721343399066e+00 7.519113988045711405e-01 4.302162134373957447e-01 2.060915713629427160e+00 6.959078746000599835e-01
5.582083198589997686e+00 3.875333797676884906e+00 2.421816364724123005e+01 -6.002693057189488535e+00 3.333474079576075888e-01 1.167093784539816070e+01 1.422610955868411686e+01 5.131328207500128968e+00 1.294100329636095337e+00 5.328962721978632189e+00 6.632679377177986835e-01 8.016668076691283451e-01
6.941855253665427661e-01 9.384038220511270012e+00 2.054889819623954494e+01 -7.319642268109332939e+00 9.862900028967755972e+00 8.984892124965130122e+00 2.343703250449650444e+00 6.352093024206312499e+00 5.882420081148531210e+00 2.321755075338842289e+00 4.864765380106467418e+00 1.057154321271079667e+00
1.600748622269368315e+00 2.008302370068793863e+00 2.243363926032404976e+01 -5.540613055907158468e+00 -2.340693884629295063e+00 5.711592752400063588e+00 1.492161607746673502e+00 6.795088653333491102e+00 3.251135235521489530e+00 2.616540199036103687e+00 2.156810583218091715e+00 -1.797799146394038816e+00
1.911959766947129991e+00 6.590974602391669102e+00 1.780725393433565173e+01 -1.204456162627045579e+01 3.146391285959767359e+00 3.954066258175775950e+00 5.320675004691419296e+00 3.698015786045408149e+00 5.132195755660931447e+00 2.739026987363675225e+00 2.073578001303971963e+00 2.884921847414135265e-01
3.036493881580822229e+00 9.451306786549109162e+00 2.016575675219105435e+01 -7.899178511356335974e+00 1.558242588174466370e+01 1.267705565223554931e+00 7.750016208478882618e+00 1.019430621020323890e+01 1.203530569101384895e+00 4.078011615345980445e+00 -2.326189024850348064e-01 4.013381982832002204e-01
-6.259278253270581516e-01 7.426315469455730955e+00 1.289398473983854743e+01 -1.126490892697309931e+01 2.768242054905581728e+00 5.355195921884371657e+00 4.001144938365442272e+00 1.155856269810430703e+01 4.303001112800806993e+00 2.437176693102683700e+00 8.908841630451365123e-01 2.278876256915543408e+00
1.942435383074216704e+00 1.949913717021152459e+00 2.788794790557792780e+01 -1.813865962015593025e+00 9.522649649314520737e-01 5.923031887756151193e+00 2.134373793519580786e+00 4.417898902760232893e+00 2.917939821660771926e+00 2.178636290340789206e+00 2.340998957747386644e+00 -4.610272103234079877e-01
9.170635517769499812e-01 9.600098337418836891e+00 1.623946741439745622e+01 -7.551963651963686353e+00 9.799190013698300561e+00 2.928166160159658471e+00 1.898000578845803421e+00 5.376679787079851280e+00 3.397005639555777279e+00 2.891296409554942048e+00 2.616971460838566799e+00 1.911991788496809064e-01
-1.908881744279645742e+00 4.119624708517710232e+00 2.915966182301635001e+01 -5.021148147992886557e+00 -1.799201090243427226e+00 -1.294305986442481515e+00 4.252777950879808699e+00 5.769850026236073681e+00 4.378901252825824209e+00 1.308625075758601763e+00 2.341433625091578818e+00 -1.945626646503544332e+00
3.381913934693109303e-01 9.064233465453732208e+00 1.665063505784721443e+01 -8.007228065189332611e+00 1.098313195640771234e+01 3.290270053110294857e+00 1.829868556996287809e+00 4.933075392462538566e+00 4.683866958643240430e+00 2.496231681827075111e+00 1.208563476322376706e+00 -1.328812366527052369e+00
3.521512795508120242e+00 1.423291565533301384e+00 2.436215439154184992e+01 -7.193087486084959181e-02 -4.502965019419919557e+00 5.343095132659575697e+00 5.028045789957594991e+00 4.082617609847026152e+00 1.391437875264861956e+00 2.354902754672649756e+00 -2.733542532356673660e-01 -1.239153125246548415e+00
1.955222733891026632e+00 1.099455041485206896e+00 2.446555550917635813e+01 -2.975428401432916647e+00 -2.487199374125892870e+00 9.912520215743676477e-01 1.671122048047306352e+00 6.627065159072939693e+00 -1.082932504529682038e+00 4.871743816563552376e-01 -9.316896162319180386e-01 1.880442628010229766e+00
2.956312370244255083e-01 3.401385182218208847e+00 2.505601949149022190e+01 -3.891350932123941231e+00 -2.668430918419648190e+00 8.709048839705877398e-01 6.176244222172008413e+00 1.091381951987727916e+00 5.162507301168533402e+00 3.177395809916617520e+00 1.526184825613470686e+00 -1.628355988288761935e+00
3.154823571611580224e+00 4.957306910911000841e+00 2.809287375683075183e+01 -2.020125235431040167e+00 -2.658826487272575867e-01 3.689922526892038590e+00 1.033829701981853511e+01 -9.897514104160963777e-01 3.839493817882679849e+00 1.561941954020248102e-01 1.799399953453930445e+00 -2.081095009791557870e-01
-1.476323979747174997e+00 2.907347862080713607e+00 2.635545505136884259e+01 -1.501456258187382264e+00 -2.606179253178589228e+00 -5.408392565276806119e-01 2.419280722442604059e+00 5.353459344426017452e+00 3.485358359559912689e+00 1.268687582518689405e-01 6.844445540239390002e-01 -1.138666110749178451e+00
6.675522647704700274e-01 8.820217278206222034e+00 1.463684722270991045e+01 -8.591924266731412629e+00 9.677529458609271273e+00 1.970425181055331487e+00 9.760654497294261489e+00 3.063843621020490460e+00 1.252146285342712329e+00 3.550924215271860529e+00 1.553600796236540571e-01 2.780437637626964165e+00
2.072277089656512583e+00 2.127079026988220267e+00 2.559280255552886274e+01 -2.052177672283619803e+00 -4.338481325981848435e+00 1.395983271127467118e+00 6.405968583764662938e+00 2.552334110956530289e+00 -1.248835339583505011e-01 6.889881714448539141e-01 9.284203004374922408e-01 -8.509761908491209059e-01
4.018873463215326680e+00 9.103684568792757004e-01 2.135978514489886848e+01 -5.174271480649610844e+00 5.058974023008712351e+00 6.281650246446779384e-01 -5.273805143460073008e-01 3.744951570552915499e+00 1.352098579750831142e+00 1.570750080638196211e+00 -2.231210505441017400e+00 1.654166847717918998e+00
-3.529472087237521816e-01 1.677970522366180939e+00 2.176561311559130374e+01 -2.795366995846217062e+00 -4.361506613301612489e+00 5.689338300039381568e-01 3.449091460385814489e+00 3.660962466812082816e+00 2.997742300820636974e+00 2.871556012897470644e+00 1.207033305598785411e+00 -1.664948258704020301e+00
2.786869513051298153e+00 9.384553225521959086e-02 2.210303114492426246e+01 -1.425063500070918643e+00 -4.096375495142055456e+00 4.598567616120240231e+00 2.648431326643577499e+00 2.578373872225984798e+00 3.885543672493987799e+00 3.360978873640977138e+00 1.624457561092180979e+00 -9.909057045555120791e-01
3.257023345392589420e+00 -6.547359145865589980e-01 2.271769025141644960e+01 -1.327735088101831717e+00 -5.969101231424961185e+00 4.138431378404254346e+00 3.593375663694850619e+00 4.490568814477887472e+00 1.725065991204911331e+00 1.713283251734305290e+00 6.960207360827834755e-01 3.461124734971622874e-01
-1.177791305844948955e+00 2.049047028897581946e+00 2.339676418406914138e+01 -3.021198976134328529e+00 -2.015769645014755529e+00 8.220294726872688917e-01 1.170913060987214482e+00 2.691511232366846418e+00 3.337542657694963832e+00 1.558006176822869016e+00 5.203922918290631028e-01 -1.714361001278611685e+00
4.733633410866778135e+00 -1.928340222525057213e+00 2.507069685253749469e+01 -2.292766648471790791e+00 -3.822096890374087064e+00 2.073076948980584699e+00 2.339911369562372112e+00 4.653358784153834193e+00 1.290016599412099896e-01 3.036171872511435499e+00 8.550762725979618173e-01 -2.792388075524974700e-01
-1.351561094199573265e+00 1.049093749257210284e+01 1.442704719201722163e+01 -5.773908643204554103e+00 9.282622913684253518e+00 1.776894054361925157e+00 1.824742661668972810e+00 3.802585391499381018e+00 1.912613751152124841e+00 3.466110568579985785e+00 8.491418003907579282e-01 2.005893285066748244e-01
5.084259079549807048e+00 -1.252054989818813802e+00 2.532023430445859447e+01 -1.047741082160644988e+00 1.471895623214641846e+00 7.711622001459809361e+00 -6.906587022876671256e-01 2.867877116124662784e+00 2.418638659227673404e+00 1.963547577855860204e+00 1.711210987856275900e-01 9.079845417719523137e-01
5.026706670119258646e+00 2.228688489708656295e+00 2.042183055016402093e+01 -9.415620238041662315e-02 6.602369072279265616e+00 3.719420472534754052e-02 1.203576013612503104e+00 3.041554783663899642e+00 2.481287288730272600e+00 2.566156195481807067e+00 -2.177958410360506747e+00 3.312981107231426359e-01
-6.095882203770212060e-01 8.726815011496972474e+00 1.275629596366610308e+01 -5.517705173405174079e+00 1.055495062677305995e+01 3.166741397116789258e+00 2.005096407415750015e+00 5.320686453237376767e+00 3.321487437330684411e+00 2.743068413683987572e+00 -5.351738804781123182e-01 8.808298959137708106e-01
3.650918411558425003e+00 -9.916051660640511356e-01 2.787302631812664444e+01 -1.253444714736774657e+00 -4.925851585909255981e+00 6.131098750813968046e+00 1.052745649498997960e+00 3.731873565669689530e+00 1.336887462338185451e+00 2.376520705952299917e+00 -3.135265230042664220e-01 -4.980067343342772235e-01
2.727748591688651914e+00 -1.610720531050776172e+00 2.324292720230477372e+01 -4.172795945482032032e+00 -2.436144564118618988e-02 7.576106225935678395e+00 2.539346695242813423e-01 3.935204396980035213e+00 -5.358471348786870703e-01 -1.511136638754046801e+00 1.860856947505425296e+00 3.336456911451985974e+00
-1.602112571346133718e+00 8.900996750800731050e+00 1.413272324907812560e+01 -6.982363090884136980e+00 1.089718547485106726e+01 3.246248099437184731e+00 1.762795372134313254e+00 3.623267952533967495e+00 2.988527403278605110e+00 2.925340591054754302e+00 7.745799272406060920e-01 5.125683419445435929e-01
-1.190601499127894369e+00 2.789926060808762820e+00 2.066301493339444662e+01 -2.381345473213337005e+00 -5.430757486157056668e+00 -2.940293139627840446e+00 2.326223333818735028e+00 6.173332626467752604e+00 3.053266640869035431e+00 2.117906036357752431e+00 2.820958346124204486e+00 -1.382861738038574373e+00
-9.690568306378248842e-01 3.043770838529450184e+00 2.007585978862746146e+01 -2.392099462186284331e+00 -1.045599334142981007e+00 7.334169233760642337e-01 1.117556070790920897e+00 9.909464105453760219e-01 3.215050532956081675e+00 2.771671629093470202e+00 7.244828644159690967e-01 -1.580704677943171488e+00
-4.250525433982140555e+00 5.310666255028977822e+00 2.067019675376060661e+01 -2.007645767217145494e+00 2.610598676188175649e+00 -1.333948757534257235e+00 2.736342173667590139e+00 2.557848068717938794e+00 1.388710798511784139e+00 1.304018668299596229e+00 2.824433628647879058e+00 -3.519129939658938611e+00
-1.492044654809637549e+00 7.304140202683956140e+00 1.158787619144685976e+01 -6.610278420075782257e+00 6.969570096561060524e+00 1.741101114733790700e+00 2.538474767859910664e+00 4.262427190411898437e+00 1.188887993659287323e+00 2.675652502118186060e+00 -2.826290267087703256e-01 1.743571338889666089e+00
2.315124391225644729e-01 6.945044653464217177e+00 1.226951714464769516e+01 -1.247736683873708863e+01 7.850597082278916616e+00 2.334193400940046903e+00 2.054118476211035382e+00 4.665773396167047338e+00 8.416548348391838630e+00 2.619362871423038364e+00 -1.326072134728730312e+00 -2.337749658496461880e+00
1.719456423021619162e+00 6.052757434818195392e+00 1.603544773409889501e+01 -8.971895821624098488e+00 1.120978584914774778e+01 1.707437234478879906e-01 6.057389077025723267e+00 -4.269572342254071562e-01 3.276093290946359371e+00 4.134595758353018624e+00 -5.244727641662859652e-01 6.452657694702931268e-01
3.355172978617460444e+00 4.041666033891076815e+00 1.565415275380471449e+01 -4.662602403372881454e+00 8.654125904999085961e+00 -3.379305194111275612e-01 4.181524711125964022e-01 2.408377065020699259e+00 -1.406829988126831743e-01 2.020880113661641442e+00 3.194840529321599787e-01 1.533521582038643638e+00
3.452560853544305086e+00 1.041149748605522163e+01 1.167016465548903525e+01 -2.965743127755750663e+00 -1.987823262238239241e+00 2.524746987963917277e+00 8.768943554356796177e-01 4.755002221168751930e+00 5.932692899267697051e+00 1.293556272748657365e+00 6.783494200965522580e+00 3.301414637532181118e+00
-4.928578800369939894e-01 9.849942521835276521e-01 2.161017449373445132e+01 -1.329117345118529636e+00 -2.993981397110611287e+00 3.159492137226215025e+00 -8.930001201223135565e-01 1.690542967391581719e+00 3.957839498842765646e+00 1.958176518189170601e+00 1.031860668734371433e+00 -1.871594231180223833e+00
3.268953522005832113e+00 -2.310424775010867737e+00 2.622277936850496971e+01 -1.528143063498909937e+00 -1.391326075707817411e+00 7.141152045884592292e-01 1.258086067534506691e+00 3.541193983392491695e+00 -1.826568174700518021e+00 2.396686651454351391e-01 -4.503571140172390463e-01 1.289898879486031547e+00
2.814099736426360465e+00 -9.370010199368141723e-01 2.466876064767009424e+01 -1.193304763739746033e+00 4.006258071980962399e+00 5.662381925521173809e-01 -1.021726370867342970e+00 8.425675762991509110e-01 1.752102265577781592e+00 1.308785099296084997e+00 1.748199708823263476e+00 3.203058365254736750e-01
-1.678119922132496500e+00 1.086079379552932878e+00 1.946352782391696579e+01 -1.582750813024202508e+00 -3.109202354377548883e+00 3.619905732907922613e-01 2.529040431744288941e+00 1.073233988749073164e+00 2.206125027828007124e+00 3.449879799297526528e+00 2.586289529278259280e+00 -1.504100647816159375e+00
-3.530660559228321560e+00 2.921137110573636342e+00 1.784573855266629039e+01 -3.797283734797564314e+00 2.697616330025005560e+00 -1.089648956012871789e-01 2.638944678785804854e+00 1.405960211541438243e-01 1.506786167912101737e+00 1.914053747758543755e+00 -8.004388412602565506e-01 -1.252333740285700880e+00
3.027005133594032671e+00 -1.654195407919670568e+00 2.565643241205982861e+01 -6.769582553389965618e-01 -7.669926075640914220e+00 5.379365626323810545e+00 -1.226886656960696625e-01 4.305892185956208706e+00 1.172167496041586432e+00 3.036405890631354576e-01 -4.568977621387427801e-01 1.251035027850429637e+00
-4.265714237376394546e-01 1.405652947501174310e+00 2.410588613859160034e+01 -8.896748982863104116e-01 -3.450571148288403389e+00 -1.011912313168257915e+00 -6.285667844096670676e-01 2.141599415886976665e+00 2.725649718067001626e+00 6.796797038756554610e-01 7.339339872463724879e-01 -1.512914352087160852e+00
2.964702739681600585e-01 1.560604812070180314e+00 2.266871830253752051e+01 -3.296862900909024452e-01 -7.436647670449286096e+00 1.177714871186569034e+00 1.302978499689890324e+00 1.860191951841556168e+00 2.230576099990485783e+00 2.528812471566407982e+00 -6.039443668910646768e-01 -6.949322371985108271e-01
7.449438497287951266e-01 2.253937101545197663e+00 2.238547718127351160e+01 -1.894295830884807019e+00 -8.059728656022755899e+00 -2.227582857361979918e-01 -2.891770404178864440e-01 2.946307835017696775e+00 3.326238864573355158e+00 1.895427048875604426e+00 6.367676725782059899e-01 -1.317754327836217376e+00
5.316552963621928862e-01 1.856251323652635232e+00 2.064771305153168512e+01 -1.307770349282772138e+00 -7.600354267046981249e+00 -1.648858010584398848e+00 1.417387134096276258e+00 3.628153416798757913e+00 2.472262974934793966e+00 1.953553941704542218e+00 2.959933279378781368e+00 -1.345557379673506304e+00
3.559803790700626358e+00 -3.353243754191645110e+00 2.735821877281748371e+01 9.724875528999527008e-01 1.731497222110286449e+00 -8.434820860149531141e-01 4.385003697472693140e+00 2.297297770354854496e+00 -1.437471719045308793e+00 1.370743188725876971e+00 7.173919161402215749e-01 4.366468528690463091e-01
-1.466897648437059942e+00 1.996250905767785466e-01 2.561917836388337122e+01 -1.339949925124762853e+00 -2.696616747149379822e+00 -6.861229569737498091e-01 2.166524075985357456e+00 5.525009866081787013e-01 1.778657898819073546e+00 8.300320189777139479e-01 2.768266184066679347e+00 -8.273507801339169410e-01
-3.441874071865594242e+00 2.325516750094841267e+00 1.882283363921605357e+01 -6.889272973933258104e-01 -3.930723471605647168e-01 -4.728183166808757054e-01 2.001181437365879834e+00 1.286250663675112760e+00 1.422087613113107940e+00 2.504856600657818788e+00 5.669275423055325502e-01 -2.741247304959084641e+00
-9.956940810799519426e-01 2.482409960113896474e+00 2.396949671487221423e+01 -5.890026848930604020e-01 -3.049123348538318012e+00 -2.123382366488922202e+00 8.493692864126368702e-01 4.826452252770442874e-01 2.771862446970959404e+00 5.982578227030700413e-01 -6.278904399484889209e-01 -9.045990590994637537e-02
-1.531434689177232134e+00 8.901439858106559910e+00 1.259535201981899633e+01 -6.780892249194026888e+00 9.495640471763337587e+00 -3.430771535882614631e-01 5.653170528886796831e+00 5.194879479299532310e-01 6.624813966855354064e-01 2.984233042397950619e+00 -9.496760177697546323e-01 1.545322018306990008e+00
-3.860916191379674678e-01 2.360074472683364899e+00 2.596016860634520995e+01 -1.305221909448727249e-02 -2.679014785127774356e+00 6.148499807759302271e-01 2.177724979851293874e+00 -1.927585639891781888e+00 3.760898439679398741e+00 9.000581332863344386e-01 7.212640044236269254e-01 -8.287388530042950896e-02
1.722418284747434303e+00 -9.827052579940223076e-01 2.514967216303893238e+01 -1.240171527701625420e+00 -9.234440058508718963e+00 1.706571767317179411e+00 7.558882669529951581e-01 5.442190746539463220e+00 -3.929305462236211410e-02 5.663830479322415901e-01 -2.071098727966768305e+00 -5.721064751102060697e-01
-1.878780587245824973e+00 7.943050884131409584e-01 2.269957383671386708e+01 -3.092108202043812426e+00 -4.493992222974760864e+00 -1.630298608227131574e+00 1.507498556501383480e-01 1.948190024832223921e+00 1.672385271486868774e+00 1.295295974933093452e+00 1.674361671896989145e+00 -1.123110562388621503e+00
3.101785010444838786e+00 4.409790203664489816e+00 1.416513324756282266e+01 -7.195553255967930717e+00 1.088371141767281003e+01 -4.836429687879801875e-01 -4.377312735463835813e-01 1.615062779755383815e+00 4.435973998363609283e+00 3.099402359772192916e+00 -5.221304808120095231e-01 1.202353078677997011e+00
1.283730609324724936e+00 6.792774569664096207e-01 2.342232137011950854e+01 -2.244654840413666252e-01 -3.812896714752805227e+00 -1.797134626320652684e+00 3.264885724488448271e-01 1.120447080723181665e+00 2.817151295136387734e+00 1.517932552972357518e+00 -3.049588405269075264e-01 -1.678048586383907192e+00
-3.841165452506940969e+00 6.536138868792583656e-01 2.209196293403379130e+01 1.276507604250124994e-01 -5.199477684342148187e+00 -1.925632878051610319e+00 3.774187081462423432e+00 2.987701829466923087e+00 1.690183863388593055e+00 1.944612815681038720e+00 1.689220658955041587e+00 -1.307506465040135568e+00
3.422837646004938339e+00 -3.084494108461884654e+00 2.449536240559447009e+01 -6.967610762311406525e+00 4.941034944128022133e+00 -1.178867053992435743e+00 1.811742535120606234e+00 2.088971678052187642e+00 -3.723028026410263092e+00 -5.632140464588996087e-01 -8.612289752655848396e-01 2.039640706171265361e+00
-5.576279326714654871e+00 8.509664669762765143e+00 9.917917785878755055e+00 -9.480682503472694478e+00 -6.518199606613739316e-01 1.618634115512084665e-02 1.396246188316488501e+00 6.286121263846626839e+00 4.549055370546766675e+00 1.984484960162578027e+00 1.459390019256834758e+00 3.159939878839992389e-01
5.809943728819700226e+00 -4.767085822372519210e+00 2.201918778220744599e+01 -6.339511285065115409e+00 5.630699532504706006e-01 2.832835984980156763e+00 4.304516456813409775e+00 3.567842135116192637e-01 -2.047158870160211475e+00 1.234886587510378053e+00 -3.544500231224351872e+00 2.774882896748338129e-02
2.552400367739117826e+00 -2.556625158866427050e+00 2.381553910785773098e+01 1.279518763731318787e+00 2.276684007675351840e+00 1.424537017120389271e+00 -1.103301131483806374e+00 3.204300419840445002e+00 -3.279405744662606814e+00 1.242786600754202775e+00 1.731258555256548037e+00 2.727929638988432770e-01
2.338896193759219422e+00 -3.148656082391645850e+00 2.615985281629619763e+01 -1.974488119684093768e+00 -1.002074361497131072e+01 3.894771785335240377e+00 1.979677744929030814e+00 6.386625186223595207e+00 -2.112779355963409600e+00 7.352846348651244091e-01 -1.531332527707508051e+00 6.442780860064190041e-01
2.284597624129321769e+00 -1.161525846479129154e+00 1.927699473761999371e+01 -4.992226814817296798e+00 6.687023184797515007e+00 1.648079760884039180e+00 -1.263942271319569710e-01 -3.828500294106709778e-01 1.305680665472269020e+00 1.923814451768364187e-01 -2.454646522232476702e+00 2.389292978727236783e+00
1.051459340710706902e+00 3.500331351641528865e+00 2.226151948991378760e+01 6.427955150373606541e-01 -2.109767901716764094e+00 7.571129614296543409e-01 8.632531540766957834e-01 -1.810980104428052906e+00 3.556768556055185382e+00 -1.652716665634094140e+00 -1.867074147406043716e+00 1.149149200266359916e+00
2.022784354681113506e+00 -3.669411341041733721e+00 2.553015163928518305e+01 -3.492791081689324173e+00 -2.992540062155034430e+00 5.199994864016007412e+00 -7.980509464816696319e-01 1.784656292887820239e+00 -5.236378928663423249e-01 -1.991209615913705377e+00 -1.847028444635385958e+00 1.706844207261911883e+00
2.028623593784465662e+00 1.401082066562527317e-01 2.401671613374033143e+01 5.517311188558525759e-01 -3.372374082497625380e+00 5.984848752188680621e+00 8.646246836155683235e-01 -1.685826099949907508e+00 9.940768110863080764e+00 7.877425046251271823e-01 -4.863501764126508253e-01 -1.245900068773821534e+00
-2.335217879587751177e+00 2.309055205249991083e+00 2.091442410352764725e+01 -1.406217911856828096e+00 -1.963486366705703423e+00 -1.530866679177732559e+00 7.780454294764660439e-01 -9.655708750761785586e-01 3.390491248603482610e+00 1.607799011136017864e+00 2.123722280987212940e+00 -2.417134164407076735e+00
4.620826364662127261e+00 -4.957996557122819503e+00 2.664474464278864829e+01 -1.255213772180799214e+00 -5.141325630146968528e+00 3.641095788330000804e+00 -2.244945978648681551e-03 2.725334903216814819e+00 2.869945141513578074e-02 7.395587321170165040e-01 -4.130730648259185456e-01 -1.605957126584058592e-01
9.649592804743659658e-01 -4.625083180013500050e-01 2.649272594184986218e+01 -4.230484361239911228e-01 -6.822604308692540087e+00 -1.902865291876264742e+00 7.702380444701778517e-01 2.835536968101148858e+00 -3.512907376291827810e-01 -1.893993124567838471e-01 -5.381885116507392208e-01 9.181032920424515853e-02
-3.711320023449236505e+00 3.300342551451546758e+00 1.927422827649004944e+01 -1.400429924773482215e-01 -2.490876075440302095e+00 -3.469131913978086956e+00 -8.896568320999147239e-02 1.793875706463682551e+00 3.414063556039044656e+00 2.766974912631915640e+00 1.491077284094804112e+00 -3.022406481775852249e+00
1.700339500454208785e+00 3.379928524060839545e-01 2.127828663427539269e+01 2.340422537295892835e-02 -6.282738526252458655e+00 -1.409812554527539064e+00 -5.429982271100655122e-01 1.982151159434895060e+00 2.836104130568104065e+00 -3.506975301366837550e-01 -7.507777197868827912e-01 -7.730196938945556040e-01
-2.804643477656192374e+00 4.493188932625465704e+00 1.843979191099807124e+01 -2.109569609583362981e-01 -1.113727192633557683e+00 -8.985052804832005524e-01 6.356905860568332400e+00 -2.967786502692654427e+00 7.401640135280924682e-01 1.599333853373275049e+00 2.374094534031104153e+00 -2.150135832821618020e+00
-1.202234702538310218e+00 -7.025283995533907477e-01 2.284740069931023498e+01 2.025636225615213171e+00 -6.953325029369168853e+00 -6.881079711752958739e-01 6.808221955174627027e-01 3.655779037305949331e+00 4.586923153377701623e-01 1.437694655641304609e+00 3.722950644454676716e+00 -4.241959607834681067e-01
-4.849292014583502564e+00 6.501522840467343300e+00 1.065386650411866221e+01 -3.637121844912089674e+00 6.278615065609721491e+00 -3.346758029245976207e+00 8.032574366591404003e-01 5.039409795393243741e+00 1.496082039898173122e+00 3.662751882306018114e+00 -5.890033059343642297e-01 5.008472721377826842e-01
-1.172109240168486943e+00 -1.280723781621486257e+00 2.033377730065554090e+01 3.763887690989666801e-01 -5.214920261131625878e+00 -1.928354617165916718e+00 2.193892136627532352e+00 2.291502715030103943e+00 2.214169278173325317e+00 1.285391655675193645e+00 2.272958801383186955e+00 -2.755311131358914256e+00
-1.913523461156069638e+00 3.349179092505787381e+00 1.549167600183993798e+01 -1.235711914553312640e+00 4.975988589018815134e+00 -3.348498777280184413e-01 -2.576048206888087999e-01 -7.369196813315260775e-01 1.278497562572155521e+00 9.754689296770406859e-01 4.813225790808006721e-01 -7.770150256292052138e-01
4.181774001288135700e+00 -4.194790896525372403e+00 2.394126806829843090e+01 -2.267552637372758362e+00 4.502844640533979259e+00 4.195881556311046312e-01 -9.837755797350482556e-01 2.170886565927004352e-01 1.059914171624861456e+00 -1.248428371141076854e+00 3.287811847505084373e-01 4.255354219702640606e-01
1.326169046444742872e+00 -1.517907061642427946e+00 2.566301875749229922e+01 7.283558598732973177e-01 -8.562472692995823920e+00 -5.887463301029347562e-01 8.628691266553585315e-01 4.301996483848278707e+00 -1.866117113349011314e+00 1.191362658380936024e+00 2.799107347178722005e+00 -1.930685004111989400e+00
