1.14491
1.03348
1.07948
1.0496
1.03881
1.0798
1.42878
1.15062
1.09609
1.58359
1.11525
1.21589
1.27988
1.06989
1.22185
1.34112
1.00865
1.00665
1.06774
1.02667
1.06306
1.1287
1.07206
1.11529
1.16177
1.08876
1.4915
1.09399
1.10039
1.08068
1.24832
1.15354
1.43798
1.24214
1.12813
1.00562
1.07782
1.15315
1.18202
1.08455
1.09389
1.01937
1.34967
1.05596
1.01451
1.10175
1.03146
1.00518
1.00738
1.03995
1.09639
1.10163
1.13388
1.28384
1.40713
1.36025
1.01855
1.12212
1.3416
1.06056
1.48715
1.11887
1.02641
1.31382
1.05062
1.26387
1.43342
1.07272
1.06396
1.02881
1.09526
1.03118
1.07456
1.15332
1.01574
1.15515
1.06513
1.78661
1.04645
1.09827
1.51954
1.17198
1.24288
1.07768
1.02229
1.05641
1.07802
1.11412
1.35614
1.01309
1.09207
1.26689
1.21432
1.02526
1.0226
1.08801
1.21738
1.41566
1.20376
1.30765
